10
300
0 2049 1
1 2760 1
2 4645 2
3 3688 1
4 2846 3
5 3265 3
6 3075 1
7 2371 2
8 2574 3
9 2109 2
10 3610 1
11 2887 3
12 2215 2
13 4875 3
14 2076 3
15 4268 3
16 4127 1
17 3299 1
18 4390 2
19 2309 2
20 3751 1
21 4018 2
22 2341 2
23 2289 1
24 2719 3
25 3762 2
26 4498 3
27 3206 2
28 3476 2
29 2156 1
30 2009 3
31 4153 3
32 2644 1
33 4851 1
34 2049 1
35 4752 1
36 2784 2
37 2486 3
38 2302 2
39 2496 3
40 3975 2
41 3849 1
42 4553 2
43 4348 2
44 3813 2
45 3459 3
46 3806 2
47 2051 1
48 4839 1
49 3909 2
50 4659 2
51 4342 1
52 4266 3
53 3375 1
54 4758 2
55 4461 1
56 3022 1
57 2903 3
58 2122 2
59 4358 2
60 3615 2
61 4449 2
62 2922 3
63 2353 1
64 3192 2
65 3976 3
66 4939 3
67 4187 3
68 3347 1
69 2472 1
70 3422 2
71 4978 1
72 3767 2
73 4298 2
74 3397 2
75 3934 1
76 2671 2
77 2969 3
78 2633 3
79 4474 2
80 4255 2
81 3276 1
82 4526 3
83 3877 3
84 3860 1
85 3471 3
86 2986 3
87 2622 2
88 2572 2
89 3250 1
90 2154 1
91 4232 1
92 3128 3
93 2311 1
94 3291 3
95 2613 1
96 3664 1
97 3410 2
98 4594 1
99 2779 3
100 3747 2
101 2068 2
102 2941 2
103 3195 2
104 4443 1
105 3482 1
106 2630 2
107 4038 2
108 4767 3
109 3534 1
110 2090 3
111 3249 2
112 4863 1
113 4408 3
114 4357 3
115 3454 1
116 3566 1
117 4873 2
118 4669 2
119 4633 3
120 2654 3
121 3058 1
122 3028 2
123 3787 1
124 3104 2
125 3320 1
126 4847 1
127 4854 3
128 2018 2
129 2718 1
130 2960 3
131 4658 1
132 3567 3
133 3595 2
134 4284 2
135 4908 1
136 4333 1
137 4883 3
138 4171 3
139 2942 3
140 3822 3
141 4883 1
142 3291 3
143 4349 2
144 3638 1
145 2598 1
146 3265 1
147 3471 2
148 2841 1
149 2038 1
150 2746 2
151 4413 2
152 4483 3
153 2374 3
154 2783 3
155 4230 3
156 4017 2
157 4407 3
158 3372 3
159 4785 3
160 2384 1
161 3435 1
162 4003 1
163 2013 2
164 2044 2
165 4373 3
166 4735 2
167 4313 2
168 2971 1
169 4800 1
170 3912 3
171 2225 2
172 4774 2
173 2546 2
174 4069 2
175 4756 3
176 3594 2
177 3478 3
178 2839 3
179 2280 1
180 2206 3
181 2213 2
182 4778 2
183 2389 1
184 2946 1
185 4778 3
186 2985 1
187 2802 3
188 2566 1
189 3445 2
190 3221 1
191 4039 1
192 2988 1
193 3489 1
194 2805 1
195 2572 3
196 4092 3
197 3984 3
198 4146 3
199 2862 2
200 4221 2
201 3458 1
202 2008 2
203 2925 2
204 2981 2
205 2821 2
206 4862 2
207 2969 2
208 2092 3
209 2815 2
210 2625 1
211 3037 1
212 3657 1
213 3074 3
214 3015 1
215 2684 3
216 2096 3
217 4860 3
218 4394 1
219 4313 3
220 4265 2
221 2577 3
222 2574 3
223 3043 2
224 2842 3
225 4375 2
226 2429 2
227 3816 1
228 3071 2
229 3295 3
230 2377 1
231 3830 2
232 2140 2
233 4879 2
234 4927 3
235 2443 3
236 3195 3
237 2469 1
238 3347 2
239 4253 2
240 3903 1
241 3065 1
242 2351 3
243 3293 2
244 2811 1
245 4121 2
246 2227 1
247 2053 3
248 4404 2
249 3468 2
250 3375 2
251 3423 3
252 3778 3
253 3301 1
254 3453 1
255 3650 1
256 3175 2
257 4083 2
258 4516 2
259 3954 3
260 3330 1
261 4226 1
262 3499 2
263 4629 2
264 3604 2
265 2482 1
266 4228 3
267 4209 2
268 3268 1
269 2177 1
270 4829 3
271 2642 2
272 2008 1
273 3669 3
274 4911 1
275 3346 2
276 2808 3
277 3818 2
278 3273 2
279 3577 1
280 3742 3
281 2691 3
282 4075 3
283 3682 1
284 2012 2
285 2292 1
286 4477 2
287 3517 2
288 3613 3
289 2769 2
290 3643 1
291 4647 1
292 4467 3
293 4263 3
294 2738 2
295 4869 1
296 3675 1
297 4459 2
298 4118 2
299 4085 3
2
6 5
1 4
5
31 50
143 6
123 15
119 48
110 46
4
99 70
66 8
13 71
54 3
2
36 32
17 100



