10
100
0 2761 1
1 3511 2
2 4264 1
3 4006 2
4 2568 1
5 2410 1
6 3342 1
7 2331 3
8 3889 1
9 4129 3
10 2455 1
11 2944 1
12 2680 2
13 3829 3
14 3102 1
15 2217 2
16 3390 2
17 4273 3
18 4828 3
19 3301 3
20 3293 2
21 3330 2
22 3227 2
23 2627 2
24 2514 1
25 2011 1
26 3039 3
27 2091 2
28 3504 2
29 4327 3
30 3594 3
31 2103 3
32 3323 2
33 3844 2
34 3536 1
35 4791 2
36 2591 2
37 2225 3
38 2873 3
39 3036 3
40 2454 2
41 2079 2
42 4988 2
43 4520 1
44 3386 1
45 2253 2
46 4350 3
47 4795 3
48 4068 2
49 4227 1
50 4177 1
51 4350 3
52 2980 3
53 3487 2
54 2305 1
55 4895 2
56 2721 1
57 3719 3
58 3027 3
59 4494 2
60 4389 1
61 2311 1
62 4549 1
63 3850 2
64 4664 3
65 4090 1
66 2204 3
67 2921 3
68 2536 1
69 3259 2
70 3376 2
71 4115 2
72 3798 1
73 2410 1
74 3463 3
75 4666 3
76 3700 2
77 4950 2
78 3044 3
79 3268 3
80 3308 1
81 3599 1
82 4684 1
83 2858 1
84 3257 1
85 4602 1
86 2546 1
87 3337 1
88 3702 2
89 2937 1
90 2283 1
91 3262 3
92 3386 3
93 2324 3
94 4258 1
95 4923 1
96 4751 1
97 3873 2
98 4428 3
99 2830 1
2
6 5
1 4
5
31 50
31 6
15 15
59 48
26 46
4
99 70
66 8
13 71
54 3
2
36 32
17 18



